cam_model: Pinhole
cam_width: 640
cam_height: 480
cam_fx: 544.5084028390603
cam_fy: 546.9408711766715
cam_cx: 293.0824200125245
cam_cy: 250.1557646438583
cam_d0: 0.1198590113639581
cam_d1: -0.1310346453225307
cam_d2: 0.0070187772442847
cam_d3: -0.02335038634258817